00,04-04-2019,516,0
01,02-04-2019,527,2
02,04-04-2019,493,0
03,02-04-2019,528,2
04,25-03-2019,550,10
05,31-03-2019,485,4
06,04-04-2019,497,0
07,26-03-2019,505,9
08,02-04-2019,503,2
09,04-04-2019,532,0
10,01-04-2019,538,3
11,28-03-2019,494,7
12,30-03-2019,528,5
13,02-04-2019,480,2
14,02-04-2019,546,2
15,01-04-2019,504,3
16,03-04-2019,539,1
17,02-04-2019,524,2
18,03-04-2019,477,1
19,25-03-2019,530,10
20,01-04-2019,513,3
21,31-03-2019,516,4
22,04-04-2019,539,0
23,26-03-2019,531,9
24,30-03-2019,519,5
25,24-03-2019,495,11
26,04-04-2019,519,0
27,04-04-2019,543,0
28,01-04-2019,479,3
29,03-04-2019,544,1
30,03-04-2019,529,1
31,04-04-2019,549,0
32,31-03-2019,529,4
33,26-03-2019,530,9
34,03-04-2019,496,1
35,01-04-2019,531,3
36,31-03-2019,500,4
37,03-04-2019,496,1
38,26-03-2019,510,9
39,29-03-2019,524,6
40,26-03-2019,531,9
41,04-04-2019,506,0
42,03-04-2019,469,1
43,01-04-2019,522,3
44,30-03-2019,519,5
45,04-04-2019,508,0
46,04-04-2019,473,0
47,03-04-2019,515,1
48,03-04-2019,485,1
49,01-04-2019,557,3
50,02-04-2019,483,2
51,25-03-2019,470,10
52,03-04-2019,544,1
53,02-04-2019,496,2
54,31-03-2019,549,4
55,01-04-2019,544,3
56,02-04-2019,480,2
57,29-03-2019,492,6
58,27-03-2019,471,8
59,30-03-2019,484,5
60,04-04-2019,489,0
61,01-04-2019,500,3
62,01-04-2019,584,3
63,04-04-2019,479,0
64,04-04-2019,503,0
65,02-04-2019,495,2
66,01-04-2019,496,3
67,23-03-2019,486,12
68,28-03-2019,513,7
69,04-04-2019,479,0
70,02-04-2019,525,2
71,29-03-2019,519,6
72,30-03-2019,529,5
73,03-04-2019,554,1
74,28-03-2019,483,7
75,03-04-2019,537,1
76,04-04-2019,533,0
77,03-04-2019,517,1
78,21-03-2019,490,14
79,04-04-2019,540,0
80,03-04-2019,528,1
81,03-04-2019,517,1
82,01-04-2019,497,3
83,04-04-2019,497,0
84,04-04-2019,505,0
85,04-04-2019,551,0
86,04-04-2019,516,0
87,02-04-2019,530,2
88,03-04-2019,508,1
89,27-03-2019,518,8
90,02-04-2019,505,2
91,04-04-2019,507,0
92,03-04-2019,497,1
93,02-04-2019,519,2
94,27-03-2019,503,8
95,30-03-2019,495,5
96,04-04-2019,492,0
97,04-04-2019,500,0
98,04-04-2019,480,0
99,30-03-2019,490,5

